INSTÂNCIA instances/bayg29.tsp
Obj. value: 1440
Tours
0 27 0 
1 20 1 
2 25 28 2 
3 14 3 
4 8 4 
5 11 5 
6 24 6 
7 23 7 
9 19 9 
10 18 10 
12 15 12 
13 17 13 
16 21 16 
22 26 22 
Tours
0 27 5 11 8 25 28 2 4 20 1 19 9 3 14 17 16 13 21 10 18 24 6 22 7 26 15 12 23 0 
Tours
0 27 5 11 8 25 28 2 4 20 1 19 9 3 14 17 13 16 21 10 18 24 6 22 7 26 15 12 23 0 
Tours
0 27 5 11 8 25 2 28 4 20 1 19 9 3 14 17 13 16 21 10 18 24 6 22 7 26 15 12 23 0 
Solution: 1610
0 27 5 11 8 25 2 28 4 20 1 19 9 3 14 17 13 16 21 10 18 24 6 22 7 26 15 12 23 0 
INSTÂNCIA instances/bays29.tsp
Obj. value: 1764
Tours
0 27 0 
1 20 1 
2 25 28 2 
3 14 3 
4 8 4 
5 11 5 
6 24 6 
7 23 7 
9 19 9 
10 18 10 
12 15 12 
13 21 13 
16 17 16 
22 26 22 
Tours
0 20 12 15 23 7 26 22 6 24 18 10 21 13 16 17 14 3 9 19 1 28 2 25 4 8 11 5 27 0 
Tours
0 20 12 15 23 7 26 22 6 24 18 10 21 13 16 17 14 3 9 19 1 2 28 25 4 8 11 5 27 0 
Solution: 2020
0 20 12 15 23 7 26 22 6 24 18 10 21 13 16 17 14 3 9 19 1 2 28 25 4 8 11 5 27 0 
INSTÂNCIA instances/burma14.tsp
Obj. value: 2747
Tours
0 1 7 0 
2 13 2 
3 4 3 
5 11 5 
6 12 6 
8 9 10 8 
Tours
0 9 8 10 7 12 6 11 5 4 3 13 2 1 0 
Tours
0 1 13 2 3 4 11 5 6 12 7 10 8 9 0 
Tours
0 1 13 2 3 4 5 11 6 12 7 10 8 9 0 
Solution: 3323
0 1 13 2 3 4 5 11 6 12 7 10 8 9 0 
INSTÂNCIA instances/fri26.tsp
Obj. value: 833
Tours
0 2 1 0 
3 4 5 3 
6 7 6 
8 9 8 
10 11 12 10 
13 14 13 
15 19 18 15 
16 17 16 
20 25 21 20 
22 23 24 22 
Tours
0 24 23 22 21 25 20 16 17 19 18 15 10 12 11 14 13 9 8 7 6 4 5 3 2 1 0 
Tours
0 24 23 22 25 21 20 16 17 19 18 15 10 12 11 14 13 9 8 7 6 4 5 3 2 1 0 
Solution: 937
0 24 23 22 25 21 20 16 17 19 18 15 10 12 11 14 13 9 8 7 6 4 5 3 2 1 0 
INSTÂNCIA instances/gr17.tsp
Obj. value: 1652
Tours
0 3 12 0 
1 9 1 
2 13 14 2 
4 10 4 
5 7 5 
6 16 6 
8 15 11 8 
Tours
0 3 12 6 7 16 5 13 14 2 10 4 9 1 8 11 15 0 
Tours
0 15 11 8 3 12 16 13 14 9 1 4 10 2 5 7 6 0 
Tours
0 6 7 5 16 13 14 2 10 9 1 4 8 11 15 3 12 0 
Tours
0 3 12 6 7 5 16 13 14 2 10 9 1 4 8 11 15 0 
INSTÂNCIA instances/gr21.tsp
Obj. value: 2420
Tours
0 6 0 
1 14 20 1 
2 8 2 
3 11 3 
4 15 4 
5 7 5 
9 17 9 
10 19 10 
12 13 12 
16 18 16 
Tours
0 11 6 7 5 15 4 8 2 1 20 14 13 12 17 9 19 18 16 10 3 0 
Tours
0 11 6 7 5 15 4 8 2 1 20 14 13 12 17 9 16 18 19 10 3 0 
Tours
0 11 3 10 19 18 16 9 17 12 13 14 20 1 2 8 4 15 5 7 6 0 
Solution: 2707
0 11 3 10 19 18 16 9 17 12 13 14 20 1 2 8 4 15 5 7 6 0 
INSTÂNCIA instances/gr24.tsp
Obj. value: 1052
Tours
0 15 0 
1 19 1 
2 10 2 
3 11 3 
4 20 4 
5 23 5 
6 7 6 
8 12 8 
9 16 9 
13 22 13 
14 18 14 
17 21 17 
Tours
0 5 23 3 11 22 12 8 13 19 1 14 18 21 17 16 9 4 20 7 6 2 10 15 0 
Tours
0 5 23 3 11 22 8 12 13 19 1 14 18 21 17 16 9 4 20 7 6 2 10 15 0 
Tours
0 5 23 11 3 22 8 12 13 19 1 14 18 21 17 16 9 4 20 7 6 2 10 15 0 
Tours
0 11 3 22 8 12 13 19 1 14 18 17 21 16 9 4 23 20 7 5 6 2 10 15 0 
Tours
0 11 3 22 8 12 13 19 1 14 18 17 21 16 9 4 20 7 5 23 6 2 10 15 0 
Tours
0 11 3 22 8 12 13 19 1 14 18 21 17 16 9 4 20 7 23 5 6 2 10 15 0 
Solution: 1272
0 11 3 22 8 12 13 19 1 14 18 21 17 16 9 4 20 7 23 5 6 2 10 15 0 
INSTÂNCIA instances/ulysses16.tsp
Obj. value: 5598
Tours
0 15 0 
1 2 1 
3 7 3 
4 10 4 
5 6 5 
8 9 8 
11 12 11 
13 14 13 
Tours
0 11 6 5 9 8 10 4 14 13 12 15 2 1 3 7 0 
Tours
0 12 13 14 4 10 8 9 5 6 11 15 2 1 3 7 0 
Tours
0 12 13 11 6 5 14 4 10 8 9 15 2 1 3 7 0 
Tours
0 13 12 11 6 5 14 4 10 8 9 15 2 1 3 7 0 
Solution: 6859
0 13 12 11 6 5 14 4 10 8 9 15 2 1 3 7 0 
INSTÂNCIA instances/ulysses22.tsp
Obj. value: 5289
Tours
0 7 15 0 
1 2 1 
3 17 3 
4 14 4 
5 6 5 
8 10 8 
9 18 9 
11 13 12 11 
16 21 16 
19 20 19 
INSTÂNCIA instances/bayg29.tsp
Obj. value: 1440
Tours
0 27 0 
1 20 1 
2 25 28 2 
3 14 3 
4 8 4 
5 11 5 
6 24 6 
7 23 7 
9 19 9 
10 18 10 
12 15 12 
13 17 13 
16 21 16 
22 26 22 
Tours
0 27 5 11 8 25 28 2 4 20 1 19 9 3 14 17 16 13 21 10 18 24 6 22 7 26 15 12 23 0 
Tours
0 27 5 11 8 25 28 2 4 20 1 19 9 3 14 17 13 16 21 10 18 24 6 22 7 26 15 12 23 0 
Tours
0 27 5 11 8 25 2 28 4 20 1 19 9 3 14 17 13 16 21 10 18 24 6 22 7 26 15 12 23 0 
Solution: 1610
0 27 5 11 8 25 2 28 4 20 1 19 9 3 14 17 13 16 21 10 18 24 6 22 7 26 15 12 23 0 
INSTÂNCIA instances/bays29.tsp
Obj. value: 1764
Tours
0 27 0 
1 20 1 
2 25 28 2 
3 14 3 
4 8 4 
5 11 5 
6 24 6 
7 23 7 
9 19 9 
10 18 10 
12 15 12 
13 21 13 
16 17 16 
22 26 22 
Tours
0 20 12 15 23 7 26 22 6 24 18 10 21 13 16 17 14 3 9 19 1 28 2 25 4 8 11 5 27 0 
Tours
0 20 12 15 23 7 26 22 6 24 18 10 21 13 16 17 14 3 9 19 1 2 28 25 4 8 11 5 27 0 
Solution: 2020
0 20 12 15 23 7 26 22 6 24 18 10 21 13 16 17 14 3 9 19 1 2 28 25 4 8 11 5 27 0 
INSTÂNCIA instances/burma14.tsp
Obj. value: 2747
Tours
0 1 7 0 
2 13 2 
3 4 3 
5 11 5 
6 12 6 
8 9 10 8 
Tours
0 9 8 10 7 12 6 11 5 4 3 13 2 1 0 
Tours
0 1 13 2 3 4 11 5 6 12 7 10 8 9 0 
Tours
0 1 13 2 3 4 5 11 6 12 7 10 8 9 0 
Solution: 3323
0 1 13 2 3 4 5 11 6 12 7 10 8 9 0 
INSTÂNCIA instances/fri26.tsp
Obj. value: 833
Tours
0 2 1 0 
3 4 5 3 
6 7 6 
8 9 8 
10 11 12 10 
13 14 13 
15 19 18 15 
16 17 16 
20 25 21 20 
22 23 24 22 
Tours
0 24 23 22 21 25 20 16 17 19 18 15 10 12 11 14 13 9 8 7 6 4 5 3 2 1 0 
Tours
0 24 23 22 25 21 20 16 17 19 18 15 10 12 11 14 13 9 8 7 6 4 5 3 2 1 0 
Solution: 937
0 24 23 22 25 21 20 16 17 19 18 15 10 12 11 14 13 9 8 7 6 4 5 3 2 1 0 
INSTÂNCIA instances/gr17.tsp
Obj. value: 1652
Tours
0 3 12 0 
1 9 1 
2 13 14 2 
4 10 4 
5 7 5 
6 16 6 
8 15 11 8 
Tours
0 3 12 6 7 16 5 13 14 2 10 4 9 1 8 11 15 0 
Tours
0 15 11 8 3 12 16 13 14 9 1 4 10 2 5 7 6 0 
Tours
0 6 7 5 16 13 14 2 10 9 1 4 8 11 15 3 12 0 
Tours
0 3 12 6 7 5 16 13 14 2 10 9 1 4 8 11 15 0 
INSTÂNCIA instances/bayg29.tsp
Obj. value: 1440
Tours
0 27 0 
1 20 1 
2 25 28 2 
3 14 3 
4 8 4 
5 11 5 
6 24 6 
7 23 7 
9 19 9 
10 18 10 
12 15 12 
13 17 13 
16 21 16 
22 26 22 
Tours
0 27 5 11 8 25 28 2 4 20 1 19 9 3 14 17 16 13 21 10 18 24 6 22 7 26 15 12 23 0 
Tours
0 27 5 11 8 25 28 2 4 20 1 19 9 3 14 17 13 16 21 10 18 24 6 22 7 26 15 12 23 0 
Tours
0 27 5 11 8 25 2 28 4 20 1 19 9 3 14 17 13 16 21 10 18 24 6 22 7 26 15 12 23 0 
Solution: 1610
0 27 5 11 8 25 2 28 4 20 1 19 9 3 14 17 13 16 21 10 18 24 6 22 7 26 15 12 23 0 
INSTÂNCIA instances/bays29.tsp
Obj. value: 1764
Tours
0 27 0 
1 20 1 
2 25 28 2 
3 14 3 
4 8 4 
5 11 5 
6 24 6 
7 23 7 
9 19 9 
10 18 10 
12 15 12 
13 21 13 
16 17 16 
22 26 22 
Tours
0 20 12 15 23 7 26 22 6 24 18 10 21 13 16 17 14 3 9 19 1 28 2 25 4 8 11 5 27 0 
Tours
0 20 12 15 23 7 26 22 6 24 18 10 21 13 16 17 14 3 9 19 1 2 28 25 4 8 11 5 27 0 
Solution: 2020
0 20 12 15 23 7 26 22 6 24 18 10 21 13 16 17 14 3 9 19 1 2 28 25 4 8 11 5 27 0 
INSTÂNCIA instances/burma14.tsp
Obj. value: 2747
Tours
0 1 7 0 
2 13 2 
3 4 3 
5 11 5 
6 12 6 
8 9 10 8 
Tours
0 9 8 10 7 12 6 11 5 4 3 13 2 1 0 
Tours
0 1 13 2 3 4 11 5 6 12 7 10 8 9 0 
Tours
0 1 13 2 3 4 5 11 6 12 7 10 8 9 0 
Solution: 3323
0 1 13 2 3 4 5 11 6 12 7 10 8 9 0 
INSTÂNCIA instances/fri26.tsp
Obj. value: 833
Tours
0 2 1 0 
3 4 5 3 
6 7 6 
8 9 8 
10 11 12 10 
13 14 13 
15 19 18 15 
16 17 16 
20 25 21 20 
22 23 24 22 
Tours
0 24 23 22 21 25 20 16 17 19 18 15 10 12 11 14 13 9 8 7 6 4 5 3 2 1 0 
Tours
0 24 23 22 25 21 20 16 17 19 18 15 10 12 11 14 13 9 8 7 6 4 5 3 2 1 0 
Solution: 937
0 24 23 22 25 21 20 16 17 19 18 15 10 12 11 14 13 9 8 7 6 4 5 3 2 1 0 
INSTÂNCIA instances/gr17.tsp
Obj. value: 1652
Tours
0 3 12 0 
1 9 1 
2 13 14 2 
4 10 4 
5 7 5 
6 16 6 
8 15 11 8 
Tours
0 3 12 6 7 16 5 13 14 2 10 4 9 1 8 11 15 0 
Tours
0 15 11 8 3 12 16 13 14 9 1 4 10 2 5 7 6 0 
Tours
0 6 7 5 16 13 14 2 10 9 1 4 8 11 15 3 12 0 
Tours
0 3 12 6 7 5 16 13 14 2 10 9 1 4 8 11 15 0 
Solution: 2085
0 3 12 6 7 5 16 13 14 2 10 9 1 4 8 11 15 0 
INSTÂNCIA instances/gr21.tsp
Obj. value: 2420
Tours
0 6 0 
1 14 20 1 
2 8 2 
3 11 3 
4 15 4 
5 7 5 
9 17 9 
10 19 10 
12 13 12 
16 18 16 
Tours
0 11 6 7 5 15 4 8 2 1 20 14 13 12 17 9 19 18 16 10 3 0 
Tours
0 11 6 7 5 15 4 8 2 1 20 14 13 12 17 9 16 18 19 10 3 0 
Tours
0 11 3 10 19 18 16 9 17 12 13 14 20 1 2 8 4 15 5 7 6 0 
Solution: 2707
0 11 3 10 19 18 16 9 17 12 13 14 20 1 2 8 4 15 5 7 6 0 
INSTÂNCIA instances/gr24.tsp
Obj. value: 1052
Tours
0 15 0 
1 19 1 
2 10 2 
3 11 3 
4 20 4 
5 23 5 
6 7 6 
8 12 8 
9 16 9 
13 22 13 
14 18 14 
17 21 17 
Tours
0 5 23 3 11 22 12 8 13 19 1 14 18 21 17 16 9 4 20 7 6 2 10 15 0 
Tours
0 5 23 3 11 22 8 12 13 19 1 14 18 21 17 16 9 4 20 7 6 2 10 15 0 
Tours
0 5 23 11 3 22 8 12 13 19 1 14 18 21 17 16 9 4 20 7 6 2 10 15 0 
Tours
0 11 3 22 8 12 13 19 1 14 18 17 21 16 9 4 23 20 7 5 6 2 10 15 0 
Tours
0 11 3 22 8 12 13 19 1 14 18 17 21 16 9 4 20 7 5 23 6 2 10 15 0 
Tours
0 11 3 22 8 12 13 19 1 14 18 21 17 16 9 4 20 7 23 5 6 2 10 15 0 
Solution: 1272
0 11 3 22 8 12 13 19 1 14 18 21 17 16 9 4 20 7 23 5 6 2 10 15 0 
INSTÂNCIA instances/ulysses16.tsp
Obj. value: 5598
Tours
0 15 0 
1 2 1 
3 7 3 
4 10 4 
5 6 5 
8 9 8 
11 12 11 
13 14 13 
Tours
0 11 6 5 9 8 10 4 14 13 12 15 2 1 3 7 0 
Tours
0 12 13 14 4 10 8 9 5 6 11 15 2 1 3 7 0 
Tours
0 12 13 11 6 5 14 4 10 8 9 15 2 1 3 7 0 
Tours
0 13 12 11 6 5 14 4 10 8 9 15 2 1 3 7 0 
Solution: 6859
0 13 12 11 6 5 14 4 10 8 9 15 2 1 3 7 0 
INSTÂNCIA instances/ulysses22.tsp
Obj. value: 5289
Tours
0 7 15 0 
1 2 1 
3 17 3 
4 14 4 
5 6 5 
8 10 8 
9 18 9 
11 13 12 11 
16 21 16 
19 20 19 
INSTÂNCIA instances/bayg29.tsp
Obj. value: 1440
Tours
0 27 0 
1 20 1 
2 25 28 2 
3 14 3 
4 8 4 
5 11 5 
6 24 6 
7 23 7 
9 19 9 
10 18 10 
12 15 12 
13 17 13 
16 21 16 
22 26 22 
Tours
0 27 5 11 8 25 28 2 4 20 1 19 9 3 14 17 16 13 21 10 18 24 6 22 7 26 15 12 23 0 
Tours
0 27 5 11 8 25 28 2 4 20 1 19 9 3 14 17 13 16 21 10 18 24 6 22 7 26 15 12 23 0 
Tours
0 27 5 11 8 25 2 28 4 20 1 19 9 3 14 17 13 16 21 10 18 24 6 22 7 26 15 12 23 0 
Solution: 1610
0 27 5 11 8 25 2 28 4 20 1 19 9 3 14 17 13 16 21 10 18 24 6 22 7 26 15 12 23 0 
INSTÂNCIA instances/bays29.tsp
Obj. value: 1764
Tours
0 27 0 
1 20 1 
2 25 28 2 
3 14 3 
4 8 4 
5 11 5 
6 24 6 
7 23 7 
9 19 9 
10 18 10 
12 15 12 
13 21 13 
16 17 16 
22 26 22 
Tours
0 20 12 15 23 7 26 22 6 24 18 10 21 13 16 17 14 3 9 19 1 28 2 25 4 8 11 5 27 0 
Tours
0 20 12 15 23 7 26 22 6 24 18 10 21 13 16 17 14 3 9 19 1 2 28 25 4 8 11 5 27 0 
Solution: 2020
0 20 12 15 23 7 26 22 6 24 18 10 21 13 16 17 14 3 9 19 1 2 28 25 4 8 11 5 27 0 
INSTÂNCIA instances/burma14.tsp
Obj. value: 2747
Tours
0 1 7 0 
2 13 2 
3 4 3 
5 11 5 
6 12 6 
8 9 10 8 
Tours
0 9 8 10 7 12 6 11 5 4 3 13 2 1 0 
Tours
0 1 13 2 3 4 11 5 6 12 7 10 8 9 0 
Tours
0 1 13 2 3 4 5 11 6 12 7 10 8 9 0 
Solution: 3323
0 1 13 2 3 4 5 11 6 12 7 10 8 9 0 
INSTÂNCIA instances/fri26.tsp
Obj. value: 833
Tours
0 2 1 0 
3 4 5 3 
6 7 6 
8 9 8 
10 11 12 10 
13 14 13 
15 19 18 15 
16 17 16 
20 25 21 20 
22 23 24 22 
Tours
0 24 23 22 21 25 20 16 17 19 18 15 10 12 11 14 13 9 8 7 6 4 5 3 2 1 0 
Tours
0 24 23 22 25 21 20 16 17 19 18 15 10 12 11 14 13 9 8 7 6 4 5 3 2 1 0 
Solution: 937
0 24 23 22 25 21 20 16 17 19 18 15 10 12 11 14 13 9 8 7 6 4 5 3 2 1 0 
INSTÂNCIA instances/gr17.tsp
Obj. value: 1652
Tours
0 3 12 0 
1 9 1 
2 13 14 2 
4 10 4 
5 7 5 
6 16 6 
8 15 11 8 
Tours
0 3 12 6 7 16 5 13 14 2 10 4 9 1 8 11 15 0 
Tours
0 15 11 8 3 12 16 13 14 9 1 4 10 2 5 7 6 0 
Tours
0 6 7 5 16 13 14 2 10 9 1 4 8 11 15 3 12 0 
Tours
0 3 12 6 7 5 16 13 14 2 10 9 1 4 8 11 15 0 
INSTÂNCIA instances/bayg29.tsp
Obj. value: 1440
Tours
0 27 0 
1 20 1 
2 25 28 2 
3 14 3 
4 8 4 
5 11 5 
6 24 6 
7 23 7 
9 19 9 
10 18 10 
12 15 12 
13 17 13 
16 21 16 
22 26 22 
Tours
0 27 5 11 8 25 28 2 4 20 1 19 9 3 14 17 16 13 21 10 18 24 6 22 7 26 15 12 23 0 
Tours
0 27 5 11 8 25 28 2 4 20 1 19 9 3 14 17 13 16 21 10 18 24 6 22 7 26 15 12 23 0 
Tours
0 27 5 11 8 25 2 28 4 20 1 19 9 3 14 17 13 16 21 10 18 24 6 22 7 26 15 12 23 0 
Solution: 1610
0 27 5 11 8 25 2 28 4 20 1 19 9 3 14 17 13 16 21 10 18 24 6 22 7 26 15 12 23 0 
INSTÂNCIA instances/bays29.tsp
Obj. value: 1764
Tours
0 27 0 
1 20 1 
2 25 28 2 
3 14 3 
4 8 4 
5 11 5 
6 24 6 
7 23 7 
9 19 9 
10 18 10 
12 15 12 
13 21 13 
16 17 16 
22 26 22 
Tours
0 20 12 15 23 7 26 22 6 24 18 10 21 13 16 17 14 3 9 19 1 28 2 25 4 8 11 5 27 0 
Tours
0 20 12 15 23 7 26 22 6 24 18 10 21 13 16 17 14 3 9 19 1 2 28 25 4 8 11 5 27 0 
Solution: 2020
0 20 12 15 23 7 26 22 6 24 18 10 21 13 16 17 14 3 9 19 1 2 28 25 4 8 11 5 27 0 
INSTÂNCIA instances/burma14.tsp
Obj. value: 2747
Tours
0 1 7 0 
2 13 2 
3 4 3 
5 11 5 
6 12 6 
8 9 10 8 
Tours
0 9 8 10 7 12 6 11 5 4 3 13 2 1 0 
Tours
0 1 13 2 3 4 11 5 6 12 7 10 8 9 0 
Tours
0 1 13 2 3 4 5 11 6 12 7 10 8 9 0 
Solution: 3323
0 1 13 2 3 4 5 11 6 12 7 10 8 9 0 
INSTÂNCIA instances/fri26.tsp
Obj. value: 833
Tours
0 2 1 0 
3 4 5 3 
6 7 6 
8 9 8 
10 11 12 10 
13 14 13 
15 19 18 15 
16 17 16 
20 25 21 20 
22 23 24 22 
Tours
0 24 23 22 21 25 20 16 17 19 18 15 10 12 11 14 13 9 8 7 6 4 5 3 2 1 0 
Tours
0 24 23 22 25 21 20 16 17 19 18 15 10 12 11 14 13 9 8 7 6 4 5 3 2 1 0 
Solution: 937
0 24 23 22 25 21 20 16 17 19 18 15 10 12 11 14 13 9 8 7 6 4 5 3 2 1 0 
INSTÂNCIA instances/gr17.tsp
Obj. value: 1652
Tours
0 3 12 0 
1 9 1 
2 13 14 2 
4 10 4 
5 7 5 
6 16 6 
8 15 11 8 
Tours
0 3 12 6 7 16 5 13 14 2 10 4 9 1 8 11 15 0 
Tours
0 15 11 8 3 12 16 13 14 9 1 4 10 2 5 7 6 0 
Tours
0 6 7 5 16 13 14 2 10 9 1 4 8 11 15 3 12 0 
Tours
0 3 12 6 7 5 16 13 14 2 10 9 1 4 8 11 15 0 
Solution: 2085
0 3 12 6 7 5 16 13 14 2 10 9 1 4 8 11 15 0 
INSTÂNCIA instances/gr21.tsp
Obj. value: 2420
Tours
0 6 0 
1 14 20 1 
2 8 2 
3 11 3 
4 15 4 
5 7 5 
9 17 9 
10 19 10 
12 13 12 
16 18 16 
Tours
0 11 6 7 5 15 4 8 2 1 20 14 13 12 17 9 19 18 16 10 3 0 
Tours
0 11 6 7 5 15 4 8 2 1 20 14 13 12 17 9 16 18 19 10 3 0 
Tours
0 11 3 10 19 18 16 9 17 12 13 14 20 1 2 8 4 15 5 7 6 0 
Solution: 2707
0 11 3 10 19 18 16 9 17 12 13 14 20 1 2 8 4 15 5 7 6 0 
INSTÂNCIA instances/gr24.tsp
Obj. value: 1052
Tours
0 15 0 
1 19 1 
2 10 2 
3 11 3 
4 20 4 
5 23 5 
6 7 6 
8 12 8 
9 16 9 
13 22 13 
14 18 14 
17 21 17 
Tours
0 5 23 3 11 22 12 8 13 19 1 14 18 21 17 16 9 4 20 7 6 2 10 15 0 
Tours
0 5 23 3 11 22 8 12 13 19 1 14 18 21 17 16 9 4 20 7 6 2 10 15 0 
Tours
0 5 23 11 3 22 8 12 13 19 1 14 18 21 17 16 9 4 20 7 6 2 10 15 0 
Tours
0 11 3 22 8 12 13 19 1 14 18 17 21 16 9 4 23 20 7 5 6 2 10 15 0 
Tours
0 11 3 22 8 12 13 19 1 14 18 17 21 16 9 4 20 7 5 23 6 2 10 15 0 
Tours
0 11 3 22 8 12 13 19 1 14 18 21 17 16 9 4 20 7 23 5 6 2 10 15 0 
Solution: 1272
0 11 3 22 8 12 13 19 1 14 18 21 17 16 9 4 20 7 23 5 6 2 10 15 0 
INSTÂNCIA instances/ulysses16.tsp
Obj. value: 5598
Tours
0 15 0 
1 2 1 
3 7 3 
4 10 4 
5 6 5 
8 9 8 
11 12 11 
13 14 13 
Tours
0 11 6 5 9 8 10 4 14 13 12 15 2 1 3 7 0 
Tours
0 12 13 14 4 10 8 9 5 6 11 15 2 1 3 7 0 
Tours
0 12 13 11 6 5 14 4 10 8 9 15 2 1 3 7 0 
Tours
0 13 12 11 6 5 14 4 10 8 9 15 2 1 3 7 0 
Solution: 6859
0 13 12 11 6 5 14 4 10 8 9 15 2 1 3 7 0 
INSTÂNCIA instances/ulysses22.tsp
Obj. value: 5289
Tours
0 7 15 0 
1 2 1 
3 17 3 
4 14 4 
5 6 5 
8 10 8 
9 18 9 
11 13 12 11 
16 21 16 
19 20 19 
INSTÂNCIA instances/bayg29.tsp
Obj. value: 1440
Tours
0 27 0 
1 20 1 
2 25 28 2 
3 14 3 
4 8 4 
5 11 5 
6 24 6 
7 23 7 
9 19 9 
10 18 10 
12 15 12 
13 17 13 
16 21 16 
22 26 22 
INSTÂNCIA instances/bays29.tsp
Obj. value: 1764
Tours
0 27 0 
1 20 1 
2 25 28 2 
3 14 3 
4 8 4 
5 11 5 
6 24 6 
7 23 7 
9 19 9 
10 18 10 
12 15 12 
13 21 13 
16 17 16 
22 26 22 
INSTÂNCIA instances/burma14.tsp
Obj. value: 2747
Tours
0 1 7 0 
2 13 2 
3 4 3 
5 11 5 
6 12 6 
8 9 10 8 
INSTÂNCIA instances/fri26.tsp
Obj. value: 833
Tours
0 2 1 0 
3 4 5 3 
6 7 6 
8 9 8 
10 11 12 10 
13 14 13 
15 19 18 15 
16 17 16 
20 25 21 20 
22 23 24 22 
INSTÂNCIA instances/gr17.tsp
Obj. value: 1652
Tours
0 3 12 0 
1 9 1 
2 13 14 2 
4 10 4 
5 7 5 
6 16 6 
8 15 11 8 
INSTÂNCIA instances/gr21.tsp
Obj. value: 2420
Tours
0 6 0 
1 14 20 1 
2 8 2 
3 11 3 
4 15 4 
5 7 5 
9 17 9 
10 19 10 
12 13 12 
16 18 16 
INSTÂNCIA instances/gr24.tsp
Obj. value: 1052
Tours
0 15 0 
1 19 1 
2 10 2 
3 11 3 
4 20 4 
5 23 5 
6 7 6 
8 12 8 
9 16 9 
13 22 13 
14 18 14 
17 21 17 
INSTÂNCIA instances/ulysses16.tsp
Obj. value: 5598
Tours
0 15 0 
1 2 1 
3 7 3 
4 10 4 
5 6 5 
8 9 8 
11 12 11 
13 14 13 
INSTÂNCIA instances/ulysses22.tsp
Obj. value: 5289
Tours
0 7 15 0 
1 2 1 
3 17 3 
4 14 4 
5 6 5 
8 10 8 
9 18 9 
11 13 12 11 
16 21 16 
19 20 19 
INSTÂNCIA instances/bayg29.tsp
Obj. value: 1440
Tours
0 27 0 
1 20 1 
2 25 28 2 
3 14 3 
4 8 4 
5 11 5 
6 24 6 
7 23 7 
9 19 9 
10 18 10 
12 15 12 
13 17 13 
16 21 16 
22 26 22 
Tours
0 27 5 11 8 25 28 2 4 20 1 19 9 3 14 17 16 13 21 10 18 24 6 22 7 26 15 12 23 0 
Tours
0 27 5 11 8 25 28 2 4 20 1 19 9 3 14 17 13 16 21 10 18 24 6 22 7 26 15 12 23 0 
Tours
0 27 5 11 8 25 2 28 4 20 1 19 9 3 14 17 13 16 21 10 18 24 6 22 7 26 15 12 23 0 
Solution: 1610
0 27 5 11 8 25 2 28 4 20 1 19 9 3 14 17 13 16 21 10 18 24 6 22 7 26 15 12 23 0 
INSTÂNCIA instances/bays29.tsp
Obj. value: 1764
Tours
0 27 0 
1 20 1 
2 25 28 2 
3 14 3 
4 8 4 
5 11 5 
6 24 6 
7 23 7 
9 19 9 
10 18 10 
12 15 12 
13 21 13 
16 17 16 
22 26 22 
Tours
0 20 12 15 23 7 26 22 6 24 18 10 21 13 16 17 14 3 9 19 1 28 2 25 4 8 11 5 27 0 
Tours
0 20 12 15 23 7 26 22 6 24 18 10 21 13 16 17 14 3 9 19 1 2 28 25 4 8 11 5 27 0 
Solution: 2020
0 20 12 15 23 7 26 22 6 24 18 10 21 13 16 17 14 3 9 19 1 2 28 25 4 8 11 5 27 0 
INSTÂNCIA instances/burma14.tsp
Obj. value: 2747
Tours
0 1 7 0 
2 13 2 
3 4 3 
5 11 5 
6 12 6 
8 9 10 8 
Tours
0 9 8 10 7 12 6 11 5 4 3 13 2 1 0 
Tours
0 1 13 2 3 4 11 5 6 12 7 10 8 9 0 
Tours
0 1 13 2 3 4 5 11 6 12 7 10 8 9 0 
Solution: 3323
0 1 13 2 3 4 5 11 6 12 7 10 8 9 0 
INSTÂNCIA instances/fri26.tsp
Obj. value: 833
Tours
0 2 1 0 
3 4 5 3 
6 7 6 
8 9 8 
10 11 12 10 
13 14 13 
15 19 18 15 
16 17 16 
20 25 21 20 
22 23 24 22 
Tours
0 24 23 22 21 25 20 16 17 19 18 15 10 12 11 14 13 9 8 7 6 4 5 3 2 1 0 
Tours
0 24 23 22 25 21 20 16 17 19 18 15 10 12 11 14 13 9 8 7 6 4 5 3 2 1 0 
Solution: 937
0 24 23 22 25 21 20 16 17 19 18 15 10 12 11 14 13 9 8 7 6 4 5 3 2 1 0 
INSTÂNCIA instances/gr17.tsp
Obj. value: 1652
Tours
0 3 12 0 
1 9 1 
2 13 14 2 
4 10 4 
5 7 5 
6 16 6 
8 15 11 8 
Tours
0 3 12 6 7 16 5 13 14 2 10 4 9 1 8 11 15 0 
Tours
0 15 11 8 3 12 16 13 14 9 1 4 10 2 5 7 6 0 
Tours
0 6 7 5 16 13 14 2 10 9 1 4 8 11 15 3 12 0 
Tours
0 3 12 6 7 5 16 13 14 2 10 9 1 4 8 11 15 0 
Solution: 2085
0 3 12 6 7 5 16 13 14 2 10 9 1 4 8 11 15 0 
INSTÂNCIA instances/gr21.tsp
Obj. value: 2420
Tours
0 6 0 
1 14 20 1 
2 8 2 
3 11 3 
4 15 4 
5 7 5 
9 17 9 
10 19 10 
12 13 12 
16 18 16 
Tours
0 11 6 7 5 15 4 8 2 1 20 14 13 12 17 9 19 18 16 10 3 0 
Tours
0 11 6 7 5 15 4 8 2 1 20 14 13 12 17 9 16 18 19 10 3 0 
Tours
0 11 3 10 19 18 16 9 17 12 13 14 20 1 2 8 4 15 5 7 6 0 
Solution: 2707
0 11 3 10 19 18 16 9 17 12 13 14 20 1 2 8 4 15 5 7 6 0 
INSTÂNCIA instances/gr24.tsp
Obj. value: 1052
Tours
0 15 0 
1 19 1 
2 10 2 
3 11 3 
4 20 4 
5 23 5 
6 7 6 
8 12 8 
9 16 9 
13 22 13 
14 18 14 
17 21 17 
Tours
0 5 23 3 11 22 12 8 13 19 1 14 18 21 17 16 9 4 20 7 6 2 10 15 0 
Tours
0 5 23 3 11 22 8 12 13 19 1 14 18 21 17 16 9 4 20 7 6 2 10 15 0 
Tours
0 5 23 11 3 22 8 12 13 19 1 14 18 21 17 16 9 4 20 7 6 2 10 15 0 
Tours
0 11 3 22 8 12 13 19 1 14 18 17 21 16 9 4 23 20 7 5 6 2 10 15 0 
Tours
0 11 3 22 8 12 13 19 1 14 18 17 21 16 9 4 20 7 5 23 6 2 10 15 0 
Tours
0 11 3 22 8 12 13 19 1 14 18 21 17 16 9 4 20 7 23 5 6 2 10 15 0 
Solution: 1272
0 11 3 22 8 12 13 19 1 14 18 21 17 16 9 4 20 7 23 5 6 2 10 15 0 
INSTÂNCIA instances/ulysses16.tsp
Obj. value: 5598
Tours
0 15 0 
1 2 1 
3 7 3 
4 10 4 
5 6 5 
8 9 8 
11 12 11 
13 14 13 
Tours
0 11 6 5 9 8 10 4 14 13 12 15 2 1 3 7 0 
Tours
0 12 13 14 4 10 8 9 5 6 11 15 2 1 3 7 0 
Tours
0 12 13 11 6 5 14 4 10 8 9 15 2 1 3 7 0 
Tours
0 13 12 11 6 5 14 4 10 8 9 15 2 1 3 7 0 
Solution: 6859
0 13 12 11 6 5 14 4 10 8 9 15 2 1 3 7 0 
INSTÂNCIA instances/ulysses22.tsp
Obj. value: 5289
Tours
0 7 15 0 
1 2 1 
3 17 3 
4 14 4 
5 6 5 
8 10 8 
9 18 9 
11 13 12 11 
16 21 16 
19 20 19 
